-------------------------
| 0 0 0 | 0 0 3 | 0 6 0 | 
| 0 0 0 | 0 0 0 | 0 1 0 | 
| 0 9 7 | 5 0 0 | 3 8 0 | 
-------------------------
| 0 0 0 | 0 9 0 | 2 0 0 | 
| 0 0 8 | 0 7 0 | 4 0 0 | 
| 0 0 3 | 0 6 0 | 0 0 0 | 
-------------------------
| 0 1 6 | 0 0 2 | 8 9 0 | 
| 0 4 0 | 0 0 0 | 0 0 0 | 
| 0 5 0 | 1 0 0 | 0 0 0 | 
-------------------------



-------------------------
| 1 8 5 | 9 2 3 | 7 6 4 | 
| 2 3 4 | 6 8 7 | 5 1 9 | 
| 6 9 7 | 5 1 4 | 3 8 2 | 
-------------------------
| 4 7 1 | 3 9 8 | 2 5 6 | 
| 9 6 8 | 2 7 5 | 4 3 1 | 
| 5 2 3 | 4 6 1 | 9 7 8 | 
-------------------------
| 3 1 6 | 7 4 2 | 8 9 5 | 
| 7 4 9 | 8 5 6 | 1 2 3 | 
| 8 5 2 | 1 3 9 | 6 4 7 | 
-------------------------

